service_id,monday,tuesday,wednesday,thursday,friday,saturday,sunday,start_date,end_date
46901,1,1,1,1,1,0,0,20160829,20160903
46902,1,1,1,1,0,0,0,20160829,20160903
46903,0,1,1,1,1,0,0,20160829,20160903
46904,0,1,1,1,1,0,0,20160829,20160903
46905,0,0,0,0,1,0,0,20160829,20160903
46906,0,0,0,0,0,1,0,20160829,20160903
46907,0,0,0,0,0,1,0,20160829,20160903
46908,0,0,0,0,0,0,1,20160829,20160903
46909,0,0,0,0,0,0,1,20160829,20160903
46910,0,0,1,1,1,1,0,20160829,20160903
46911,0,1,1,1,1,1,0,20160829,20160903
46912,0,1,1,1,1,1,0,20160829,20160903
46913,1,0,0,0,0,0,0,20160829,20160903
46914,1,0,0,0,0,0,0,20160829,20160903
46915,1,0,0,0,0,0,0,20160829,20160903
46916,0,1,0,0,0,0,0,20160829,20160903
46917,0,1,0,0,0,0,0,20160829,20160903
46918,1,0,1,1,1,0,0,20160829,20160903
46919,1,0,1,1,1,0,0,20160829,20160903
46920,0,0,1,0,0,0,0,20160829,20160903
46921,0,0,1,0,0,0,0,20160829,20160903
46922,1,1,0,1,1,0,0,20160829,20160903
46923,1,1,0,1,1,0,0,20160829,20160903
46924,0,0,0,1,0,0,0,20160829,20160903
46925,0,0,0,1,0,0,0,20160829,20160903
46926,1,1,1,0,1,0,0,20160829,20160903
46927,1,1,1,0,1,0,0,20160829,20160903
46928,0,1,1,0,0,0,0,20160829,20160903
46929,0,1,1,0,0,0,0,20160829,20160903
46930,1,0,0,1,1,0,0,20160829,20160903
46931,1,0,0,1,1,0,0,20160829,20160903
46932,1,1,0,0,1,0,0,20160829,20160903
46933,1,1,0,0,1,0,0,20160829,20160903
46934,1,1,1,1,1,0,1,20160829,20160903
46935,1,1,1,1,1,0,1,20160829,20160903
46936,1,1,1,1,1,1,0,20160829,20160903
46937,1,1,1,1,1,1,0,20160829,20160903
46938,1,1,1,1,1,1,0,20160829,20160903
46939,1,1,1,1,1,0,0,20160829,20160903
46940,1,1,1,1,0,0,1,20160829,20160903
47001,1,1,1,1,1,0,0,20160904,20161031
47002,1,1,1,1,0,0,0,20160904,20161031
47003,0,1,1,1,1,0,0,20160904,20161031
47004,0,1,1,1,1,0,0,20160904,20161031
47005,0,0,0,0,1,0,0,20160904,20161031
47006,0,0,0,0,0,1,0,20160904,20161031
47007,0,0,0,0,0,1,0,20160904,20161031
47008,0,0,0,0,0,0,1,20160904,20161031
47009,0,0,0,0,0,0,1,20160904,20161031
47010,0,0,1,1,1,1,0,20160904,20161031
47011,0,1,1,1,1,1,0,20160904,20161031
47012,0,1,1,1,1,1,0,20160904,20161031
47013,1,0,0,0,0,0,0,20160904,20161031
47014,1,0,0,0,0,0,0,20160904,20161031
47015,1,0,0,0,0,0,0,20160904,20161031
47016,0,1,0,0,0,0,0,20160904,20161031
47017,0,1,0,0,0,0,0,20160904,20161031
47018,1,0,1,1,1,0,0,20160904,20161031
47019,1,0,1,1,1,0,0,20160904,20161031
47020,0,0,1,0,0,0,0,20160904,20161031
47021,0,0,1,0,0,0,0,20160904,20161031
47022,1,1,0,1,1,0,0,20160904,20161031
47023,1,1,0,1,1,0,0,20160904,20161031
47024,0,0,0,1,0,0,0,20160904,20161031
47025,0,0,0,1,0,0,0,20160904,20161031
47026,1,1,1,0,1,0,0,20160904,20161031
47027,1,1,1,0,1,0,0,20160904,20161031
47028,0,1,1,0,0,0,0,20160904,20161031
47029,0,1,1,0,0,0,0,20160904,20161031
47030,1,0,0,1,1,0,0,20160904,20161031
47031,1,0,0,1,1,0,0,20160904,20161031
47032,1,1,0,0,1,0,0,20160904,20161031
47033,1,1,0,0,1,0,0,20160904,20161031
47034,1,1,1,1,1,0,1,20160904,20161031
47035,1,1,1,1,1,0,1,20160904,20161031
47036,1,1,1,1,1,1,0,20160904,20161031
47037,1,1,1,1,1,1,0,20160904,20161031
47038,1,1,1,1,1,1,0,20160904,20161031
47039,1,1,1,1,1,0,0,20160904,20161031
47040,1,1,1,1,0,0,1,20160904,20161031
105101,1,1,1,1,1,0,0,20160829,20161031
105102,1,1,1,1,0,0,0,20160829,20161031
105103,0,1,1,1,1,0,0,20160829,20161031
105104,0,1,1,1,1,0,0,20160829,20161031
105105,0,0,0,0,1,0,0,20160829,20161031
105106,0,0,0,0,0,1,0,20160829,20161031
105107,0,0,0,0,0,1,0,20160829,20161031
105108,0,0,0,0,0,0,1,20160829,20161031
105109,0,0,0,0,0,0,1,20160829,20161031
105110,0,0,1,1,1,1,0,20160829,20161031
105111,0,1,1,1,1,1,0,20160829,20161031
105112,0,1,1,1,1,1,0,20160829,20161031
105113,1,0,0,0,0,0,0,20160829,20161031
105114,1,0,0,0,0,0,0,20160829,20161031
105115,1,0,0,0,0,0,0,20160829,20161031
105116,0,1,0,0,0,0,0,20160829,20161031
105117,0,1,0,0,0,0,0,20160829,20161031
105118,1,0,1,1,1,0,0,20160829,20161031
105119,1,0,1,1,1,0,0,20160829,20161031
105120,0,0,1,0,0,0,0,20160829,20161031
105121,0,0,1,0,0,0,0,20160829,20161031
105122,1,1,0,1,1,0,0,20160829,20161031
105123,1,1,0,1,1,0,0,20160829,20161031
105124,0,0,0,1,0,0,0,20160829,20161031
105125,0,0,0,1,0,0,0,20160829,20161031
105126,1,1,1,0,1,0,0,20160829,20161031
105127,1,1,1,0,1,0,0,20160829,20161031
105128,0,1,1,0,0,0,0,20160829,20161031
105129,0,1,1,0,0,0,0,20160829,20161031
105130,1,0,0,1,1,0,0,20160829,20161031
105131,1,0,0,1,1,0,0,20160829,20161031
105132,1,1,0,0,1,0,0,20160829,20161031
105133,1,1,0,0,1,0,0,20160829,20161031
105134,1,1,1,1,1,0,1,20160829,20161031
105135,1,1,1,1,1,0,1,20160829,20161031
105136,1,1,1,1,1,1,0,20160829,20161031
105137,1,1,1,1,1,1,0,20160829,20161031
105138,1,1,1,1,1,1,0,20160829,20161031
105139,1,1,1,1,1,0,0,20160829,20161031
105140,1,1,1,1,0,0,1,20160829,20161031
205101,1,1,1,1,1,0,0,20160829,20161031
